0.0000942675670,
-0.0002202113063,
-0.0004221407241,
-0.0006032834900,
-0.0005782917023,
-0.0001986347672,
0.0005562213508,
0.0015009078348,
0.0022421497414,
0.0022899984561,
0.0012701347836,
-0.0008329455711,
-0.0035145455500,
-0.0057815339010,
-0.0064317938362,
-0.0045337929785,
0.0000504692281,
0.0063236070777,
0.0122001083566,
0.0150400266867,
0.0125795343165,
0.0039879827813,
-0.0093439965044,
-0.0236501548144,
-0.0334709382989,
-0.0330906506054,
-0.0183551600904,
0.0116972569731,
0.0539728081908,
0.1016096038010,
0.1454453220226,
0.1762992145403,
0.1874117022975,
0.1762992145403,
0.1454453220226,
0.1016096038010,
0.0539728081908,
0.0116972569731,
-0.0183551600904,
-0.0330906506054,
-0.0334709382989,
-0.0236501548144,
-0.0093439965044,
0.0039879827813,
0.0125795343165,
0.0150400266867,
0.0122001083566,
0.0063236070777,
0.0000504692281,
-0.0045337929785,
-0.0064317938362,
-0.0057815339010,
-0.0035145455500,
-0.0008329455711,
0.0012701347836,
0.0022899984561,
0.0022421497414,
0.0015009078348,
0.0005562213508,
-0.0001986347672,
-0.0005782917023,
-0.0006032834900,
-0.0004221407241,
-0.0002202113063,
0.0000942675670
