0.000040278557,
0.000015416849,
-0.000015452133,
-0.000040555734,
-0.000050266514,
-0.000040786452,
-0.000015628426,
0.000015681391,
0.000041202495,
0.000051123831,
0.000041527127,
0.000015929428,
-0.000016000585,
-0.000042086056,
-0.000052275512,
-0.000042507295,
-0.000016322425,
0.000016412291,
0.000043213168,
0.000053729915,
0.000043733730,
0.000016810007,
-0.000016919104,
-0.000044590641,
-0.000055495476,
-0.000045213270,
-0.000017394792,
0.000017523645,
0.000046225353,
0.000057580710,
0.000046952817,
0.000018079421,
-0.000018228563,
-0.000048124247,
-0.000059994221,
-0.000048959346,
-0.000018866565,
0.000019036533,
0.000050294345,
0.000062744704,
0.000051239908,
0.000019758922,
-0.000019950259,
-0.000052742745,
-0.000065840955,
-0.000053801635,
-0.000020759224,
0.000020972481,
0.000055476631,
0.000069291876,
0.000056651749,
0.000021870235,
-0.000022105969,
-0.000058503280,
-0.000073106485,
-0.000059797562,
-0.000023094757,
0.000023353532,
0.000061830067,
0.000077293923,
0.000063246492,
0.000024435631,
-0.000024718021,
-0.000065464472
