-0.000199762152,
-0.000321138890,
-0.000199237501,
-0.000029247043,
-0.000053274690,
-0.000172319473,
-0.000052505708,
0.000395429620,
0.000820540593,
0.000810459003,
0.000361563709,
-0.000163313507,
-0.000498917500,
-0.000719314467,
-0.000955907734,
-0.001041665028,
-0.000641105963,
0.000263810084,
0.001193743024,
0.001586362946,
0.001312613200,
0.000676448414,
-0.000026199516,
-0.000755033913,
-0.001478470012,
-0.001871755856,
-0.001501482503,
-0.000346795160,
0.001018534049,
0.001873870973,
0.001925769290,
0.001368840085,
0.000485791755,
-0.000595801878,
-0.001691760715,
-0.002321354837,
-0.001956317544,
-0.000582760479,
0.001117731868,
0.002260068603,
0.002400690343,
0.001667489654,
0.000397131905,
-0.001121177378,
-0.002495802340,
-0.003081100110,
-0.002305765623,
-0.000270084676,
0.002101294403,
0.003638103262,
0.003684542408,
0.002327584927,
0.000073476120,
-0.002450972667,
-0.004463952426,
-0.005026406123,
-0.003497049510,
-0.000180909270,
0.003569527853,
0.006076742605,
0.006285887509,
0.004155181343,
0.000403848502,
-0.003840687239,
-0.007176709306,
-0.008152049764,
-0.005920061036,
-0.000985064573,
0.004747616473,
0.008882931369,
0.009746304154,
0.007013774709,
0.001583576031,
-0.004823092988,
-0.010003755790,
-0.011796028319,
-0.009010533707,
-0.002324345142,
0.005714034305,
0.011826387657,
0.013550329484,
0.010183712244,
0.002824681003,
-0.006079256038,
-0.013336615753,
-0.015916484252,
-0.012238546859,
-0.003253284078,
0.007622432700,
0.015961827242,
0.018324243761,
0.013613782320,
0.003327106796,
-0.008996567096,
-0.018771649076,
-0.021819271223,
-0.016154558997,
-0.003305834069,
0.011890618635,
0.023247318406,
0.025913623636,
0.018355865397,
0.002895077852,
-0.015039590029,
-0.028565179302,
-0.031702762100,
-0.021975525839,
-0.002100532662,
0.020492326227,
0.036515333748,
0.038748372012,
0.025132990411,
-0.000181382500,
-0.027991444838,
-0.047004233339,
-0.048020867324,
-0.028205310204,
0.006450620095,
0.042267207965,
0.062900692147,
0.056444965686,
0.021695785647,
-0.028894151900,
-0.070810710550,
-0.073731445593,
-0.011451143112,
0.126990694924,
0.328888438856,
0.556128446114,
0.752058315674,
0.855674040689,
0.819219138187,
0.624274510773,
0.291684838655,
-0.118304122055,
-0.517328613899,
-0.809976940447,
-0.919322834697,
-0.809394649108,
-0.497688917327,
-0.053860849299,
0.415481734173,
0.792570614910,
0.978798991219,
0.921652667927,
0.630344356514,
0.175039279336,
-0.330481892644,
-0.757896415691,
-0.997322263738,
-0.985825794466,
-0.724283144925,
-0.277951769915,
0.239981712409,
0.697791765419,
0.979432098344,
1.014162377522,
0.794017651300,
0.375260417794,
-0.136117986363,
-0.611291336297,
-0.931331952331,
-1.017325454025,
-0.849809936452,
-0.472626526091,
0.019103654776,
0.503107706693,
0.860084727389,
1.002841054878,
0.897579943107,
0.571925062422,
0.107473210363,
-0.381000909200,
-0.773950138092,
-0.975888382963,
-0.938095062721,
-0.670271369632,
-0.238338814706,
0.251559091003,
0.679208281965,
0.939933887744,
0.970045557810,
0.762048075717,
0.366432111381,
-0.120215343166,
-0.578358011443,
-0.894821883297,
-0.991046608356,
-0.842789459425,
-0.486114810600,
-0.008459900216,
0.472661289839,
0.838231664027,
0.997077996618,
0.908931040902,
0.595014967080,
0.132958866326,
-0.362702658968,
-0.769105921068,
-0.985363834033,
-0.957409506509,
-0.691622439367,
-0.253712343252,
0.247417545846,
0.687047428789,
0.956034939127,
0.987905624816,
0.774972060875,
0.370012901101,
-0.126635370150,
-0.591710951258,
-0.909709161443,
-1.001892448299,
-0.845904681102,
-0.480916846127,
0.002539268246,
0.485004921512,
0.847298812091,
0.999792624512,
0.904775838810,
0.586028743625,
0.122794998841,
-0.370239182126,
-0.771465035802,
-0.982087706785,
-0.950136925447,
-0.683323674722,
-0.247496092998,
0.249453004909,
0.684500535356,
0.950209842061,
0.981195493026,
0.769894140007,
0.368278027030,
-0.124680328990,
-0.587094399305,
-0.904341678370,
-0.997792869707,
-0.844453087565,
-0.482406016029,
-0.001084681790,
0.480759142405,
0.844035009725,
0.998610677961,
0.905914511731,
0.588856067317,
0.126118860736,
-0.367682791565,
-0.770541300446,
-0.982981238759,
-0.952345809788,
-0.685907029175,
-0.249461534018,
0.248777199122,
0.685244699457,
0.951962258737