0.000028481240,
0.000066701180,
0.000036941267,
-0.000039877406,
-0.000081510381,
-0.000066525442,
-0.000059741654,
-0.000103755428,
-0.000138249245,
-0.000072650974,
0.000083507839,
0.000215974084,
0.000236580305,
0.000171415227,
0.000093973839,
0.000013054959,
-0.000116677601,
-0.000281041017,
-0.000368053832,
-0.000280579711,
-0.000056412189,
0.000167126197,
0.000296149241,
0.000341068903,
0.000332445332,
0.000237929780,
0.000015740479,
-0.000272081536,
-0.000465906427,
-0.000452662000,
-0.000269683463,
-0.000039981550,
0.000162346946,
0.000335634757,
0.000456772820,
0.000438036274,
0.000223347436,
-0.000103973152,
-0.000366111945,
-0.000449094713,
-0.000379701027,
-0.000239803999,
-0.000057314244,
0.000172851187,
0.000389836996,
0.000464571219,
0.000328159509,
0.000064561703,
-0.000165626083,
-0.000277876299,
-0.000301450176,
-0.000277127888,
-0.000181972389,
0.000007267620,
0.000217257832,
0.000312182494,
0.000235891736,
0.000075041052,
-0.000044399106,
-0.000089562734,
-0.000112311212,
-0.000134287193,
-0.000105479980,
0.000002724809,
0.000115891449,
0.000123217798,
0.000014718968,
-0.000099291483,
-0.000117648510,
-0.000054512967,
0.000011355166,
0.000055220871,
0.000116903884,
0.000196850837,
0.000207158632,
0.000070563340,
-0.000159744759,
-0.000330850378,
-0.000341807986,
-0.000223715949,
-0.000060421709,
0.000117843276,
0.000314590756,
0.000469346841,
0.000456233987,
0.000215664884,
-0.000147995219,
-0.000442667183,
-0.000551618278,
-0.000487836996,
-0.000303761740,
-0.000015909542,
0.000342477660,
0.000640295740,
0.000700301281,
0.000458749381,
0.000039518805,
-0.000354422345,
-0.000597685967,
-0.000668166101,
-0.000560028254,
-0.000253259117,
0.000200397202,
0.000617550611,
0.000782650800,
0.000622221419,
0.000252008446,
-0.000149150979,
-0.000470994689,
-0.000664434834,
-0.000665815323,
-0.000414953346,
0.000032749506,
0.000471804634,
0.000682104926,
0.000598390764,
0.000323400082,
-0.000005588284,
-0.000311607980,
-0.000537617548,
-0.000586763802,
-0.000382650079,
0.000008676913,
0.000377563084,
0.000531075521,
0.000439634994,
0.000209670735,
-0.000051860821,
-0.000294287656,
-0.000459468826,
-0.000444996379,
-0.000196431008,
0.000181653722,
0.000468778658,
0.000507337500,
0.000316554082,
0.000025208924,
-0.000261051534,
-0.000485245101,
-0.000570449778,
-0.000417665946,
-0.000022067453,
0.000444353168,
0.000728242757,
0.000688683677,
0.000378510758,
-0.000051772427,
-0.000474630587,
-0.000788069050,
-0.000863252265,
-0.000590359230,
-0.000015005057,
0.000616113537,
0.001001966255,
0.000990202591,
0.000631442706,
0.000073247482,
-0.000534324523,
-0.001023386748,
-0.001188048552,
-0.000886296151,
-0.000193149405,
0.000591004861,
0.001126704584,
0.001235787755,
0.000933618329,
0.000332337375,
-0.000413604314,
-0.001076597165,
-0.001375252531,
-0.001129749318,
-0.000423251179,
0.000424524267,
0.001065468152,
0.001304816410,
0.001112803384,
0.000550135764,
-0.000240305139,
-0.000991929026,
-0.001374700619,
-0.001191420273,
-0.000532014923,
0.000287522512,
0.000939244254,
0.001232969017,
0.001108246277,
0.000587401420,
-0.000191671551,
-0.000935358313,
-0.001296614847,
-0.001095907122,
-0.000450219913,
0.000325393716,
0.000928697477,
0.001183984253,
0.001020463962,
0.000454858272,
-0.000348330647,
-0.001057059465,
-0.001320665831,
-0.001002618581,
-0.000270926571,
0.000538630722,
0.001126792266,
0.001315573975,
0.001027854475,
0.000303584487,
-0.000627592322,
-0.001366906152,
-0.001548169376,
-0.001075796458,
-0.000173684221,
0.000783199795,
0.001463736137,
0.001650012451,
0.001238980115,
0.000299959456,
-0.000851111157,
-0.001725782876,
-0.001919301491,
-0.001350711351,
-0.000277150002,
0.000890373989,
0.001766023561,
0.002056096771,
0.001602417657,
0.000488331083,
-0.000891204061,
-0.001959984086,
-0.002263580504,
-0.001706241679,
-0.000541577857,
0.000807153277,
0.001900819921,
0.002357394799,
0.001948619217,
0.000754658025,
-0.000775296194,
-0.002004484155,
-0.002441964464,
-0.001966342265,
-0.000801556074,
0.000641409735,
0.001886593738,
0.002477616457,
0.002129390524,
0.000921100348,
-0.000662503671,
-0.001957035630,
-0.002463355777,
-0.002046661229,
-0.000902026394,
0.000574436517,
0.001878764770,
0.002503367811,
0.002140101343,
0.000893540113,
-0.000711781246,
-0.001998540129,
-0.002479386899,
-0.002025365569,
-0.000825502727,
0.000712900015,
0.002042214581,
0.002612681051,
0.002123957269,
0.000740345946,
-0.000950455415,
-0.002245354871,
-0.002661702708,
-0.002079752183,
-0.000705690888,
0.001002168285,
0.002415820521,
0.002928384251,
0.002254866910,
0.000637356346,
-0.001251631424,
-0.002655284328,
-0.003062833720,
-0.002340909151,
-0.000716385290,
0.001272414749,
0.002880789519,
0.003417342374,
0.002595498328,
0.000724334940,
-0.001439182324,
-0.003064725336,
-0.003575300751,
-0.002786294607,
-0.000927354043,
0.001379467311,
0.003259028228,
0.003918778309,
0.003047545034,
0.000991131760,
-0.001433820001,
-0.003326295559,
-0.004022637471,
-0.003258880726,
-0.001246138873,
0.001324303429,
0.003460610641,
0.004278454338,
0.003435178489,
0.001287300578,
-0.001319852647,
-0.003433435100,
-0.004307302815,
-0.003597204257,
-0.001493853741,
0.001252741666,
0.003558951447,
0.004478206458,
0.003652847085,
0.001447158098,
-0.001277599151,
-0.003529227975,
-0.004493606358,
-0.003769263507,
-0.001552571717,
0.001335696465,
0.003731914534,
0.004654143958,
0.003755530719,
0.001427121771,
-0.001437173655,
-0.003792178101,
-0.004757409074,
-0.003900058075,
-0.001462839996,
0.001628876929,
0.004117630893,
0.004988611153,
0.003917014884,
0.001342069945,
-0.001774178516,
-0.004293172818,
-0.005244267152,
-0.004170274022,
-0.001390942452,
0.002027804523,
0.004704137524,
0.005565094531,
0.004290588061,
0.001370748053,
-0.002133313442,
-0.004941700723,
-0.005953249900,
-0.004669868257,
-0.001492872834,
0.002355491022,
0.005344099321,
0.006305843739,
0.004887062577,
0.001608234086,
-0.002360497489,
-0.005565915703,
-0.006742591956,
-0.005327509532,
-0.001787093580,
0.002510808452,
0.005882812131,
0.007043854997,
0.005570811074,
0.001987139918,
-0.002434722662,
-0.006060939931,
-0.007453015459,
-0.005974325019,
-0.002140866118,
0.002555627453,
0.006294395789,
0.007670216523,
0.006177315505,
0.002332556462,
-0.002491213666,
-0.006483744035,
-0.008047707080,
-0.006489725044,
-0.002381253227,
0.002669406000,
0.006714511809,
0.008235883596,
0.006655680226,
0.002505457238,
-0.002717290342,
-0.007017277910,
-0.008654434242,
-0.006909493898,
-0.002439037592,
0.003009394686,
0.007343551548,
0.008924833015,
0.007119156115,
0.002516264732,
-0.003207612062,
-0.007834758606,
-0.009476316759,
-0.007407581161,
-0.002406544105,
0.003592795855,
0.008301542694,
0.009922077643,
0.007762798745,
0.002514708159,
-0.003899518273,
-0.008978033242,
-0.010646620920,
-0.008167373758,
-0.002461109452,
0.004299757400,
0.009556709165,
0.011287492355,
0.008717247907,
0.002663738904,
-0.004644085326,
-0.010353501857,
-0.012150038917,
-0.009249685670,
-0.002716249120,
0.004997653203,
0.010990451398,
0.012942920158,
0.009960728413,
0.003000136777,
-0.005358336240,
-0.011854239291,
-0.013879742671,
-0.010567909001,
-0.003121191406,
0.005689407737,
0.012551891926,
0.014788891393,
0.011363969155,
0.003393866468,
-0.006140436167,
-0.013516802746,
-0.015790509511,
-0.011993076382,
-0.003487316223,
0.006573480695,
0.014386789388,
0.016864503220,
0.012833811132,
0.003633269694,
-0.007267103327,
-0.015600390346,
-0.018034524442,
-0.013505021583,
-0.003609904404,
0.007986195409,
0.016858111021,
0.019436137328,
0.014439974753,
0.003550481957,
-0.009105227058,
-0.018556784714,
-0.020991505580,
-0.015266757495,
-0.003360316054,
0.010318655444,
0.020490365932,
0.022974631621,
0.016419500559,
0.003043128944,
-0.012080133416,
-0.022989144315,
-0.025213574206,
-0.017552438695,
-0.002603659458,
0.014088027387,
0.025996176547,
0.028103033717,
0.019029635425,
0.001851714881,
-0.016912503341,
-0.029811946274,
-0.031417117415,
-0.020520967287,
-0.000780999706,
0.020429200146,
0.034656104547,
0.035671148315,
0.022199196059,
-0.001178921887,
-0.025530965179,
-0.040979975444,
-0.040646205101,
-0.023573743587,
0.004480556312,
0.032804315882,
0.049624676998,
0.046880526047,
0.023996919561,
-0.011111798888,
-0.044561590956,
-0.061780674947,
-0.053582288212,
-0.020669945529,
0.025342880061,
0.065278823539,
0.079530626755,
0.056800554674,
0.001130234031,
-0.066015360378,
-0.110319760372,
-0.095155338588,
0.004868356628,
0.191683222731,
0.437338076355,
0.686620667027,
0.869451501254,
0.920467059995,
0.800267078721,
0.511519838633,
0.104146277815,
-0.333210981188,
-0.694258032236,
-0.883597548775,
-0.844894404029,
-0.580063551872,
-0.152849259063,
0.325449352138,
0.724922883264,
0.932879866606,
0.886440324227,
0.592297986449,
0.127291598630,
-0.381298709436,
-0.790798078576,
-0.983698669291,
-0.901909667262,
-0.564540761466,
-0.063794041041,
0.460217169983,
0.858881833531,
1.017639210001,
0.889320552944,
0.508355179774,
-0.018519986945,
-0.542430345457,
-0.914702998139,
-1.029261039656,
-0.853004709033,
-0.435454048558,
0.105249750069,
0.616051025731,
0.952630947796,
1.020350623959,
0.800808764419,
0.356672869309,
-0.186356845850,
-0.675256500046,
-0.972952405448,
-0.996864473647,
-0.741758987544,
-0.280570694558,
0.256701858624,
0.719752685919,
0.979966186050,
0.966034947455,
0.683407601771,
0.212227487127,
-0.315542453094,
-0.753193491705,
-0.980000591782,
-0.934307980978,
-0.630067985471,
-0.152542854051,
0.365540445244,
0.780821416998,
0.978930241769,
0.905886919120,
0.582643187836,
0.098969955447,
-0.411410897985,
-0.807600098364,
-0.980251991989,
-0.881716961692,
-0.539230760070,
-0.047408125861,
0.457875215856,
0.836922279571,
0.984673704499,
0.859734865424,
0.496050272964,
-0.006136861464,
-0.507792739997,
-0.869577063385,
-0.990570696398,
-0.836416151623,
-0.449077329361,
0.064472327363,
0.561631212795,
0.903698190644,
0.994660262548,
0.808294509497,
0.395797361100,
-0.128286445274,
-0.617875468991,
-0.936034227644,
-0.993280091840,
-0.772866111047,
-0.335821755082,
0.195903069877,
0.673568462442,
0.963378957900,
0.984000981313,
0.729371251753,
0.270493528539,
-0.264308380152,
-0.725292250657,
-0.983353863933,
-0.966322247903,
-0.679156428609,
-0.202397176193,
0.330519344009,
0.770619225182,
0.995021959225,
0.941292731992,
0.624873997342,
0.134618611534,
-0.392298579980,
-0.808880941541,
-0.999304448651,
-0.911016136675,
-0.569169891593,
-0.069473674791,
0.448603319826,
0.840822497010,
0.998393325081,
0.878095828665,
0.513989416173,
0.007678534960,
-0.500002577563,
-0.868069617379,
-0.994504943510,
-0.844557073074,
-0.460275606854,
0.051362928391,
0.548285928289,
0.892702352284,
0.989169922009,
0.810977846286,
0.407598025065,
-0.108972544629,
-0.595302076579,
-0.916377510700,
-0.983049939097,
-0.776692833129,
-0.354371324145,
0.166845927632,
0.642208383700,
0.939448220728,
0.975649635910,
0.740433004250,
0.298908245126,
-0.226371702139,
-0.689368974437,
-0.961063551858,
-0.965393326025,
-0.700653442769,
-0.240221898953,
0.287772651127,
0.736175391371,
0.979846543519,
0.950546073147,
0.656031357755,
0.178087934291,
-0.350087402750,
-0.781018245781,
-0.994240618905,
-0.930065830225,
-0.606268955427,
-0.113102344799,
0.411861464156,
0.822056481072,
1.002848705117,
0.903667483896,
0.552233323456,
0.046774176471,
-0.471544392558,
-0.858104750217,
-1.005147139209,
-0.871759257299,
-0.495284713538,
0.019078867484,
0.527701986485,
0.888736547087,
1.001739323295,
0.835557594157,
0.436808697514,
-0.083227943727,
-0.579612714490,
-0.914111215837,
-0.993737825761,
-0.796651067184,
-0.378093021945,
0.145204543517,
0.627615861860,
0.935070072435,
0.982218631990,
0.756124720647,
0.319869548449,
-0.205040314669,
-0.672579577695,
-0.952860656554,
-0.968145731660,
-0.714301204968,
-0.261900662604,
0.263307861676,
0.715282130717,
0.968317496029,
0.952061875827,
0.671057786911,
0.203399195913,
-0.320985801343,
-0.756342460612,
-0.981508045597,
-0.933645160020,
-0.625869664100,
-0.143704222128,
0.378728861014,
0.796057977175,
0.992070535539,
0.911999363608,
0.577833615934,
0.082383206348,
-0.436422256233,
-0.833969586596,
-0.999359407343,
-0.886361424496,
-0.526280753493,
-0.019261289861,
0.493501981877,
0.869014938611,
1.002394149803,
0.856268031561,
0.471299005182,
-0.045189296142,
-0.549207734931,
-0.900235122296,
-1.000334709345,
-0.821476869383,
-0.413467220031,
0.109868770927,
0.602496779786,
0.927027202827,
0.993056150193,
0.782277709592,
0.353502192889,
-0.173719525017,
-0.652371324746,
-0.948990224597,
-0.980968249044,
-0.739592039302,
-0.292340048599,
0.236073842391,
0.698472802204,
0.966132178100,
0.964581240494,
0.694376065208,
0.230956715866,
-0.296462084383,
-0.741008766049,
-0.979063760324,
-0.944545939522,
-0.647181149595,
-0.169791088937,
0.354698919516,
0.780264952142,
0.988505059216,
0.921610265669,
0.598344632533,
0.108700465624,
-0.411137655501,
-0.816573640883,
-0.994768922328,
-0.896097159083,
-0.548029892023,
-0.047468660957,
0.466303154195,
0.850383199781,
0.997913657090,
0.867743992373,
0.495950161989,
-0.014068780459,
-0.520322294912,
-0.881823972663,
-0.997902747825,
-0.836194398411,
-0.441597478090,
0.076174794376,
0.573006204277,
0.910444567059,
0.994346461992,
0.801227835241,
0.384833993116,
-0.138890233355,
-0.624111013589,
-0.935651085222,
-0.986592179083,
-0.762567016649,
-0.325904641434,
0.201689709850,
0.673133566860,
0.957039315170,
0.974302075155,
0.720069268312,
0.265104070647,
-0.263835471397,
-0.719273812948,
-0.974199900629,
-0.957574377334,
-0.674120585840,
-0.202897286157,
0.324798033495,
0.761962294075,
0.986775800054,
0.936573523534,
0.625392747059,
0.140064268502,
-0.384096901386,
-0.801091205376,
-0.994870263018,
-0.911546710549,
-0.574359096153,
-0.077256720713,
0.441230637361,
0.836646138084,
0.998930273315,
0.883045795664,
0.521386079276,
0.014668571640,
-0.496060509046,
-0.868608566853,
-0.999231148190,
-0.851595880515,
-0.466913219171,
0.047634669771,
0.548823360581,
0.897218742920,
0.995876212456,
0.817289701210,
0.411130385618,
-0.109505624136,
-0.599621257941,
-0.922773878111,
-0.989059668552,
-0.780045034722,
-0.353844884323,
0.170979319555,
0.648315048264,
0.945176851381,
0.978835569215,
0.739915047719,
0.294950270438,
-0.232206822102,
-0.694835285657,
-0.964095526530,
-0.964885336492,
-0.696861441565,
-0.234641963719,
0.292993474902,
0.739064358014,
0.979349711172,
0.946911426441,
0.650691821851,
0.173097460634,
-0.352843138265,
-0.780533520432,
-0.990755442038,
-0.924953291608,
-0.601495175150,
-0.110471081557,
0.411389598004,
0.818713544632,
0.997950981236,
0.899098038614,
0.549718660268,
0.047232594261,
-0.468337053049,
-0.853410736911,
-1.000770813022,
-0.869354097073,
-0.495729228741,
0.016001006397,
0.523201536000,
0.884543132690,
0.999437249006,
0.835987864573,
0.439762727384,
-0.078911758862,
-0.575592897668,
-0.911906409124,
-0.994153602451,
-0.799486489148,
-0.382233480037,
0.141349803129,
0.625503033022,
0.935471184300,
0.984940287437,
0.760097313023,
0.323567027417,
-0.203014642231,
-0.672965918755,
-0.955473042193,
-0.971957712222,
-0.717848607239,
-0.263843584269,
0.263679380553,
0.717789431697,
0.971975573639,
0.955465822203,
0.672921993136,
0.203042504724,
-0.323391920765,
-0.759852853877,
-0.984774651231,
-0.935434355596,
-0.625527767490,
-0.141395636856,
0.382097346734,
0.799192902880,
0.993788129522,
0.911672195906,
0.575619149510,
0.079151250216,
-0.439430753794,
-0.835618722869,
-0.999046875376,
-0.884237872584,
-0.523180309649,
-0.016374337566,
0.495085566074,
0.868716925940,
1.000358500042,
0.853294409334,
0.468529048563,
-0.046710019425,
-0.548924105409,
-0.898284537217,
-0.997483514303,
-0.818819660443,
-0.412006859921,
0.109599371685,
0.600628581413,
0.924294309584,
0.990507714261,
0.780875389639,
0.353757528920,
-0.171931180971,
-0.649752852575,
-0.946546835052,
-0.979621804324,
-0.739833491272,
-0.294050937665,
0.233566133312,
0.696130957838,
0.964839586945,
0.964808997836,
0.696011776984,
0.233357116809,
-0.294218489082,
-0.739768136786,
-0.979278021236,
-0.946108640351,
-0.649477512115,
-0.171939544461,
0.353508478587,
0.780465922303,
0.989996813452,
0.923805690298,
0.600400887207,
0.109842384326,
-0.411325546976,
-0.817996419400,
-0.996866354940,
-0.898063996317,
-0.549124856734,
-0.047293630640,
0.467658842122,
0.852385444754,
0.999793718207,
0.868793482098,
0.495787770633,
-0.015359184232,
-0.522232027060,
-0.883619769044,
-0.998908160126,
-0.836044419821,
-0.440370624307,
0.077994569787,
0.574720128372,
0.911407225098,
0.994208666551,
0.800062863689,
0.383101727225,
-0.140524568679,
-0.625032172498,
-0.935525240381,
-0.985487483060,
-0.760919912961,
-0.324347711219,
0.202570562509,
0.673019437564,
0.955993344135,
0.972737878080,
0.718587651140,
0.264262388368,
-0.263732820445,
-0.718285068047,
-0.972716438853,
-0.956166065209,
-0.673316990318,
-0.202988697795,
0.323865063471,
0.760557473757,
0.985438862190,
0.935806979061,
0.625473159974,
0.140942871058